1.600000000000000311e-01 -5.199999999999999761e-02 2.500000000000007078e-02
1.600000000000000311e-01 -5.132589668895843477e-02 2.498490526141173423e-02
1.600000000000000311e-01 -5.057461886595939621e-02 2.493956069201649917e-02
1.600000000000000311e-01 -4.975063369034382621e-02 2.486378741984167362e-02
1.600000000000000311e-01 -4.885963836429511875e-02 2.475729458123836213e-02
1.600000000000000311e-01 -4.790849891627186469e-02 2.461969006569769691e-02
1.600000000000000311e-01 -4.690516982775956578e-02 2.445049528168909830e-02
1.600000000000000311e-01 -4.585859567462368530e-02 2.424916367213016469e-02
1.600000000000000311e-01 -4.477859624541397771e-02 2.401510263833451023e-02
1.600000000000000311e-01 -4.367573686700960273e-02 2.374769846717947330e-02
1.600000000000000311e-01 -4.256118590868700896e-02 2.344634379885792222e-02
1.600000000000000311e-01 -4.144656164515747587e-02 2.311046712288643626e-02
1.600000000000000311e-01 -4.034377083397815839e-02 2.273956374887015422e-02
1.600000000000000311e-01 -3.926484150016341240e-02 2.233322766656890140e-02
1.600000000000000311e-01 -3.822175251858585254e-02 2.189118368761676023e-02
1.600000000000000311e-01 -3.722626264126950579e-02 2.141331924920630500e-02
1.600000000000000311e-01 -3.628974163101107708e-02 2.089971525838339728e-02
1.600000000000000311e-01 -3.542300613466815157e-02 2.035067536436357613e-02
1.600000000000000311e-01 -3.463616285935344763e-02 1.976675306536317817e-02
1.600000000000000311e-01 -3.393846150377421989e-02 1.914877608555484723e-02
1.600000000000000311e-01 -3.333815974681422767e-02 1.849786749646361445e-02
1.600000000000000311e-01 -3.284240240855877679e-02 1.781546310481420606e-02
1.600000000000000311e-01 -3.245711667828781594e-02 1.710332468477536103e-02
1.600000000000000311e-01 -3.218692505302622742e-02 1.636354869583931185e-02
1.600000000000000311e-01 -3.203507735304841897e-02 1.559857019722159406e-02
1.600000000000000311e-01 -3.200340288171157899e-02 1.481116174455963594e-02
1.600000000000000311e-01 -3.209228348091443250e-02 1.400442713363413832e-02
1.600000000000000311e-01 -3.230064790539541320e-02 1.318178993757256404e-02
1.600000000000000311e-01 -3.262598760423870980e-02 1.234697686721001816e-02
1.600000000000000311e-01 -3.306439366169819372e-02 1.150399606764342109e-02
1.600000000000000311e-01 -3.361061431715312020e-02 1.065711054617992856e-02
1.600000000000000311e-01 -3.425813216098386182e-02 9.810807006525867902e-03
1.600000000000000311e-01 -3.499925979456297576e-02 8.969760439902524363e-03
1.600000000000000311e-01 -3.582525245332579544e-02 8.138794894582704331e-03
1.600000000000000311e-01 -3.672643582663377704e-02 7.322840909968411985e-03
1.600000000000000311e-01 -3.769234707110788452e-02 6.526890158723631929e-03
1.600000000000000311e-01 -3.871188680906788998e-02 5.755947889699434758e-03
1.600000000000000311e-01 -3.977347973393566966e-02 5.014983804632354436e-03
1.600000000000000311e-01 -4.086524131264702986e-02 4.308882032195251663e-03
1.600000000000000311e-01 -4.197514798336033498e-02 3.642390883418378938e-03
1.600000000000000311e-01 -4.309120819650066186e-02 3.020073082425222752e-03
1.600000000000000311e-01 -4.420163163921945332e-02 2.446257165657357915e-03
1.600000000000000311e-01 -4.529499401778722123e-02 1.924990731279560899e-03
1.600000000000000311e-01 -4.636039484869534238e-02 1.459996198416541741e-03
1.600000000000000311e-01 -4.738760582607860761e-02 1.054629703598526300e-03
1.600000000000000311e-01 -4.836720748858500118e-02 7.118437197713191333e-04
1.600000000000000311e-01 -4.929071210049904700e-02 4.341539320989688117e-04
1.600000000000000311e-01 -5.015067088667325007e-02 2.236108453402569501e-04
1.600000000000000311e-01 -5.094076401501353157e-02 8.177653073387913807e-05
1.600000000000000311e-01 -5.165587199980302413e-02 9.706847118304273714e-06
1.600000000000000311e-01 -5.229212749953079942e-02 7.939392580168236346e-06
1.600000000000000311e-01 -5.284694679928395727e-02 7.648736049193846642e-05
1.600000000000000311e-01 -5.331904059507108773e-02 2.148393886512740131e-04
1.600000000000000311e-01 -5.370840403040885724e-02 4.219654037008295500e-04
1.600000000000000311e-01 -5.401628626876834455e-02 6.963283764394416486e-04
1.600000000000000311e-01 -5.424514021368697508e-02 1.035901818385863080e-03
1.600000000000000311e-01 -5.439855330623389468e-02 1.438192767355600532e-03
1.600000000000000311e-01 -5.448116063196546677e-02 1.900269931148628258e-03
1.600000000000000311e-01 -5.449854185166964210e-02 2.418796584946567713e-03
1.600000000000000311e-01 -5.445710372754591910e-02 2.990067750826644680e-03
1.600000000000000311e-01 -5.436395024487560707e-02 3.610051127958006575e-03
1.600000000000000311e-01 -5.422674252504684073e-02 4.274431190481046278e-03
1.600000000000000311e-01 -5.405355088587632251e-02 4.978655827574864773e-03
1.600000000000000311e-01 -5.385270152695921519e-02 5.717984867441440466e-03
1.600000000000000311e-01 -5.363262039933901909e-02 6.487539804372350477e-03
1.600000000000000311e-01 -5.340167685883005083e-02 7.282354036045411011e-03
1.600000000000000311e-01 -5.316802970022317665e-02 8.097422916889664840e-03
1.600000000000000311e-01 -5.293947812541702908e-02 8.927752942749302839e-03
1.600000000000000311e-01 -5.272332011297618110e-02 9.768409401995515468e-03
1.600000000000000311e-01 -5.252622053112494110e-02 1.061456185833355506e-02
1.600000000000000311e-01 -5.235409117278346652e-02 1.146152687032692130e-02
1.600000000000000311e-01 -5.221198469259615699e-02 1.230480740145071909e-02
1.600000000000000311e-01 -5.210400419521197396e-02 1.314012843149121000e-02
1.600000000000000311e-01 -5.203322996508953635e-02 1.396346834439568529e-02
1.600000000000000311e-01 -5.200166454500979030e-02 1.477108573820093938e-02
1.600000000000000311e-01 -5.201019706786578350e-02 1.555954137828463070e-02
1.600000000000000311e-01 -5.205858742905875025e-02 1.632571509466806264e-02
1.600000000000000311e-01 -5.214547056009175008e-02 1.706681750616904567e-02
1.600000000000000311e-01 -5.226838073300095477e-02 1.778039653753604385e-02
1.600000000000000311e-01 -5.242379549545086309e-02 1.846433877894963077e-02
1.600000000000000311e-01 -5.260719851297684935e-02 1.911686581911892571e-02
1.600000000000000311e-01 -5.281316028321486611e-02 1.973652576231660696e-02
1.600000000000000311e-01 -5.303543539205445023e-02 2.032218021482217266e-02
1.600000000000000311e-01 -5.326707470825858826e-02 2.087298709618056261e-02
1.600000000000000311e-01 -5.350055066563681738e-02 2.138837969431984370e-02
1.600000000000000311e-01 -5.372789356434377189e-02 2.186804243989821234e-02
1.600000000000000311e-01 -5.394083663882872498e-02 2.231188392337778853e-02
1.600000000000000311e-01 -5.413096749236948058e-02 2.272000771749624337e-02
1.600000000000000311e-01 -5.428988338938479236e-02 2.309268159741736243e-02
1.600000000000000311e-01 -5.440934782860756824e-02 2.343030577043551249e-02
1.600000000000000311e-01 -5.448144579383523006e-02 2.373338073639659485e-02
1.600000000000000311e-01 -5.449873509480149952e-02 2.400247539885633219e-02
1.600000000000000311e-01 -5.445439126850235706e-02 2.423819603547310020e-02
1.600000000000000311e-01 -5.434234361014968206e-02 2.444115671444170579e-02
1.600000000000000311e-01 -5.415740004124928314e-02 2.461195171229736689e-02
1.600000000000000311e-01 -5.389535869789911088e-02 2.475113044769476633e-02
1.600000000000000311e-01 -5.355310433247142954e-02 2.485917539648382218e-02
1.600000000000000311e-01 -5.312868786301640917e-02 2.493648339639034650e-02
1.600000000000000311e-01 -5.262138767313953580e-02 2.498335068581852836e-02
1.600000000000000311e-01 -5.203175155645624328e-02 2.499996195178604344e-02
