-5.401899727064741752e-01 -1.499999999999999944e-01 6.072728700973614169e-01
-5.718895455362587033e-01 -1.446324786324786338e-01 6.249080786823920652e-01
-5.995314351062808189e-01 -1.392649572649572454e-01 6.377646355834963865e-01
-6.220890176497387847e-01 -1.338974358974358847e-01 6.490105915652281121e-01
-6.324149332132416035e-01 -1.285299145299145240e-01 6.689356044062080286e-01
-6.459684337974596069e-01 -1.231623931623931634e-01 6.858595099501567649e-01
-6.441005683558247430e-01 -1.177948717948717888e-01 7.006624393422717922e-01
-6.427065552688769889e-01 -1.124273504273504143e-01 7.074284289259605840e-01
-6.310072289834750547e-01 -1.070598290598290536e-01 7.250477875377544512e-01
-6.075184868745737710e-01 -1.016923076923076930e-01 7.407602927537375592e-01
-5.867426243239965977e-01 -9.632478632478631841e-02 7.462015944101590970e-01
-5.684495427756650621e-01 -9.095726495726494387e-02 7.549422626392188196e-01
-5.388114578689493506e-01 -8.558974358974358321e-02 7.686615741774607269e-01
-5.149449881374617011e-01 -8.022222222222222254e-02 7.770119172326864776e-01
-4.890756577759022283e-01 -7.485470085470084800e-02 7.858512618695302487e-01
-4.667899140635355382e-01 -6.948717948717947346e-02 7.920256027693171053e-01
-4.492113948882557883e-01 -6.411965811965811279e-02 8.013308570152801735e-01
-4.423288225099495374e-01 -5.875213675213675213e-02 8.040375116963613955e-01
-4.444207566984539337e-01 -5.338461538461537759e-02 8.075108124882276472e-01
-4.520303004982539896e-01 -4.801709401709400304e-02 8.051106962233663955e-01
-4.622109186089061184e-01 -4.264957264957264238e-02 8.086335942116193998e-01
-4.887502970991130513e-01 -3.728205128205128172e-02 8.003957359550849526e-01
-5.116637974925398735e-01 -3.191452991452990717e-02 7.982544146558805398e-01
-5.335559252792941853e-01 -2.654700854700853263e-02 7.998613863237116206e-01
-5.613308681179445259e-01 -2.117948717948717197e-02 7.886603600886397114e-01
-5.848025665546083829e-01 -1.581196581196581130e-02 7.850862573983917736e-01
-6.124320781333434383e-01 -1.044444444444445064e-02 7.826920668356109889e-01
-6.222007013151632515e-01 -5.076923076923062217e-03 7.742141910305635477e-01
-6.430460602852742236e-01 2.905982905982984477e-04 7.634977609897759532e-01
-6.460209489937266403e-01 5.658119658119659112e-03 7.503957232560775070e-01
-6.464954808062395308e-01 1.102564102564104753e-02 7.361742212300774746e-01
-6.344698087484281768e-01 1.639316239316240820e-02 7.268659735222148255e-01
-6.236001578203326234e-01 2.176068376068376886e-02 7.127382200096115117e-01
-5.956066440877959556e-01 2.712820512820512953e-02 7.021439575799772737e-01
-5.747944838514387200e-01 3.249572649572649019e-02 6.853188576994103665e-01
-5.439659919300294799e-01 3.786324786324787861e-02 6.682926785715156415e-01
-5.188801350848807337e-01 4.323076923076923928e-02 6.574160892651887966e-01
-4.946729268858000017e-01 4.859829059829059994e-02 6.348129274364083807e-01
-4.745431814305366980e-01 5.396581196581198836e-02 6.224196110363684475e-01
-4.582402470068859812e-01 5.933333333333334902e-02 6.018357573609736111e-01
-5.440934203217372422e-01 -1.499999999999999944e-01 6.096869887348586037e-01
-5.730634897536979189e-01 -1.446324786324786338e-01 6.195125192312598283e-01
-5.956619008344339328e-01 -1.392649572649572454e-01 6.404060366208299548e-01
-6.189458338811737459e-01 -1.338974358974358847e-01 6.501051203747733043e-01
-6.288460393468722209e-01 -1.285299145299145240e-01 6.697834846669946662e-01
-6.413599774827922761e-01 -1.231623931623931634e-01 6.860617169409669591e-01
-6.433632820792593021e-01 -1.177948717948717888e-01 6.937894056215707650e-01
-6.371905146747033344e-01 -1.124273504273504143e-01 7.151684107267554102e-01
-6.312429937069938823e-01 -1.070598290598290536e-01 7.213559706198229282e-01
-6.161058630636004896e-01 -1.016923076923076930e-01 7.346586223326786458e-01
-5.916176661022782834e-01 -9.632478632478631841e-02 7.535607917354465446e-01
-5.607445572934123268e-01 -9.095726495726494387e-02 7.624938223457112807e-01
-5.326482213534428078e-01 -8.558974358974358321e-02 7.652070367158999575e-01
-5.145416204570379959e-01 -8.022222222222222254e-02 7.766026965961247974e-01
-4.919623733106486818e-01 -7.485470085470084800e-02 7.888645133873982696e-01
-4.645610065095952534e-01 -6.948717948717947346e-02 7.900811145058830309e-01
-4.562081970081294235e-01 -6.411965811965811279e-02 8.015691439452777844e-01
-4.434622964259595790e-01 -5.875213675213675213e-02 7.984400004619996993e-01
-4.480768935801476838e-01 -5.338461538461537759e-02 8.002720526734521389e-01
-4.481573769440408417e-01 -4.801709401709400304e-02 8.024744509550627569e-01
-4.621341686828740469e-01 -4.264957264957264238e-02 8.083286717697627521e-01
-4.816173062749679601e-01 -3.728205128205128172e-02 8.043362357315757549e-01
-5.095447461385892440e-01 -3.191452991452990717e-02 8.029953410209557108e-01
-5.336259296680379016e-01 -2.654700854700853263e-02 7.943789723210612497e-01
-5.608851246411505898e-01 -2.117948717948717197e-02 7.941728188136141231e-01
-5.820340564502561875e-01 -1.581196581196581130e-02 7.901179679108996101e-01
-6.058891488121750379e-01 -1.044444444444445064e-02 7.773938003322627965e-01
-6.242965073626719485e-01 -5.076923076923062217e-03 7.649188436764862153e-01
-6.434830323908643512e-01 2.905982905982984477e-04 7.583207397734682553e-01
-6.404545447106679834e-01 5.658119658119659112e-03 7.459261870735074407e-01
-6.412192596892263285e-01 1.102564102564104753e-02 7.398087781166605703e-01
-6.338595296138969104e-01 1.639316239316240820e-02 7.264881491977700501e-01
-6.230915980190214754e-01 2.176068376068376886e-02 7.091304222327828866e-01
-5.948598690062409933e-01 2.712820512820512953e-02 6.974719339089812120e-01
-5.757802060499412899e-01 3.249572649572649019e-02 6.790093789685224257e-01
-5.509563675922279913e-01 3.786324786324787861e-02 6.651030139578296696e-01
-5.200038395492347920e-01 4.323076923076923928e-02 6.561184209087154162e-01
-4.930731878938744983e-01 4.859829059829059994e-02 6.398392048822489908e-01
-4.728498046769385454e-01 5.396581196581198836e-02 6.214204103929454881e-01
-4.554092211509384591e-01 5.933333333333334902e-02 6.102426255491237850e-01
-5.487356006427440702e-01 -1.499999999999999944e-01 6.026540102410800070e-01
-5.761390523609907222e-01 -1.446324786324786338e-01 6.242009048562301432e-01
-5.968419050784613544e-01 -1.392649572649572454e-01 6.360813400448633859e-01
-6.149897871356986290e-01 -1.338974358974358847e-01 6.569588008458991935e-01
-6.279442838468555221e-01 -1.285299145299145240e-01 6.709822574443201626e-01
-6.465477686287740555e-01 -1.231623931623931634e-01 6.788734556718875046e-01
-6.478605839062779870e-01 -1.177948717948717888e-01 7.027875462185182442e-01
-6.387083540571247831e-01 -1.124273504273504143e-01 7.129204144714177405e-01
-6.251913026573103771e-01 -1.070598290598290536e-01 7.218652369234270783e-01
-6.160812753624298477e-01 -1.016923076923076930e-01 7.375448794323476998e-01
-5.849587613528600682e-01 -9.632478632478631841e-02 7.477196532104147808e-01
-5.591077865225537735e-01 -9.095726495726494387e-02 7.602965410957924774e-01
-5.342772310135622815e-01 -8.558974358974358321e-02 7.738644852879111857e-01
-5.103178054220597337e-01 -8.022222222222222254e-02 7.739098842527676325e-01
-4.851395282226150796e-01 -7.485470085470084800e-02 7.823883726676837957e-01
-4.698798293542689741e-01 -6.948717948717947346e-02 7.916020581909246623e-01
-4.497796661148923958e-01 -6.411965811965811279e-02 7.983437987290821214e-01
-4.480775547648327972e-01 -5.875213675213675213e-02 7.990897520466087034e-01
-4.457325495240726521e-01 -5.338461538461537759e-02 8.037801985108651293e-01
-4.565902442680138118e-01 -4.801709401709400304e-02 8.052434872009177624e-01
-4.618257827639160040e-01 -4.264957264957264238e-02 8.094818487269198615e-01
-4.863780815407952041e-01 -3.728205128205128172e-02 8.004061868000729163e-01
-5.090998318480230989e-01 -3.191452991452990717e-02 8.007608727263050286e-01
-5.348346052343088131e-01 -2.654700854700853263e-02 7.952936245141929428e-01
-5.633048373521544194e-01 -2.117948717948717197e-02 7.894100335010467706e-01
-5.896045963721531225e-01 -1.581196581196581130e-02 7.865377873447655377e-01
-6.126974579117820952e-01 -1.044444444444445064e-02 7.823729192995673154e-01
-6.317901123916882522e-01 -5.076923076923062217e-03 7.681452334825924488e-01
-6.389471809580667960e-01 2.905982905982984477e-04 7.554350280749706492e-01
-6.449628395753430610e-01 5.658119658119659112e-03 7.492912549701287173e-01
-6.433456131090021790e-01 1.102564102564104753e-02 7.406169690775515901e-01
-6.386699162552236242e-01 1.639316239316240820e-02 7.287970488136570335e-01
-6.203472436436435755e-01 2.176068376068376886e-02 7.078302269716968409e-01
-6.023101343470101954e-01 2.712820512820512953e-02 6.944342676895792765e-01
-5.758236244691884442e-01 3.249572649572649019e-02 6.804797539218491176e-01
-5.465715126311776473e-01 3.786324786324787861e-02 6.664598247159130295e-01
-5.232711231975847310e-01 4.323076923076923928e-02 6.544135554138982291e-01
-4.983280260508403670e-01 4.859829059829059994e-02 6.324054959191725001e-01
-4.767236618897712774e-01 5.396581196581198836e-02 6.250425980408103044e-01
-4.624153806540636791e-01 5.933333333333334902e-02 6.017082881545069428e-01
