-6.105263157894736947e-01 -2.999999999999999889e-01 6.343112138864003269e-01
-7.789473684210527216e-01 -1.578947368421051989e-02 4.648022788078024492e-01
-6.105263157894736947e-01 -2.684210526315789491e-01 6.108768003806419600e-01
-6.526315789473684514e-01 -1.421052631578947345e-01 5.304472629645458071e-01
-7.157894736842105310e-01 2.368421052631579093e-01 3.239603249757228021e-01
-7.368421052631579649e-01 -1.736842105263157743e-01 5.870694147028571175e-01
-5.894736842105263719e-01 -1.736842105263157743e-01 5.253113280926005046e-01
-4.210526315789474006e-01 1.736842105263158298e-01 3.003040238495571224e-01
-4.631578947368421573e-01 1.578947368421051989e-02 3.435354740826822573e-01
-4.421052631578947789e-01 1.736842105263158298e-01 3.013104107910660190e-01
-4.210526315789474006e-01 1.421052631578947900e-01 3.022245521258041245e-01
-7.789473684210527216e-01 4.736842105263161518e-02 4.196011513721562558e-01
-5.684210526315789380e-01 1.736842105263158298e-01 3.181336938058310082e-01
-5.473684210526316152e-01 1.421052631578947900e-01 3.224016429587580612e-01
-4.421052631578947789e-01 -1.578947368421051989e-02 3.494545029284178428e-01
-7.578947368421052877e-01 1.421052631578947900e-01 3.632145417390053588e-01
-6.736842105263158853e-01 2.052631578947368696e-01 3.272845180152264000e-01
-8.000000000000000444e-01 -2.999999999999999889e-01 7.048206142142152686e-01
-6.947368421052632081e-01 -1.421052631578947345e-01 5.468898388529650489e-01
-7.789473684210527216e-01 -2.999999999999999889e-01 7.011634182492917367e-01
-7.157894736842105310e-01 7.894736842105265495e-02 3.893973048305652274e-01
-6.736842105263158853e-01 2.999999999999999889e-01 3.077272998211731947e-01
-7.578947368421052877e-01 -7.894736842105259944e-02 5.116026005223477391e-01
-5.473684210526316152e-01 -2.684210526315789491e-01 5.725946192532526124e-01
-7.789473684210527216e-01 -4.736842105263155966e-02 4.895982828469441772e-01
-4.000000000000000222e-01 -1.421052631578947345e-01 3.944787744257074458e-01
-8.000000000000000444e-01 -2.368421052631578816e-01 6.542139194857916618e-01
-7.157894736842105310e-01 -2.052631578947368141e-01 6.074550769681428264e-01
-7.789473684210527216e-01 -4.736842105263155966e-02 4.895982828469441772e-01
-4.000000000000000222e-01 2.368421052631579093e-01 3.033554994774836366e-01
-4.421052631578947789e-01 -2.684210526315789491e-01 5.000299290034484478e-01
-4.842105263157895356e-01 -1.105263157894736670e-01 4.214050933900740370e-01
-5.263157894736842923e-01 -1.578947368421051989e-02 3.836035263052046673e-01
-6.105263157894736947e-01 -2.052631578947368141e-01 5.615556264765080297e-01
-6.947368421052632081e-01 2.368421052631579093e-01 3.215899466910212556e-01
-5.052631578947368585e-01 -4.736842105263155966e-02 3.926899079274549509e-01
-6.526315789473684514e-01 -7.894736842105259944e-02 4.798143198081610272e-01
-6.105263157894736947e-01 7.894736842105265495e-02 3.629507736311118338e-01
-6.736842105263158853e-01 2.999999999999999889e-01 3.077272998211731947e-01
-6.105263157894736947e-01 4.736842105263161518e-02 3.793493673619167117e-01
-4.421052631578947789e-01 -1.736842105263157743e-01 4.380648349770723815e-01
-4.210526315789474006e-01 -2.052631578947368141e-01 4.450288746668341622e-01
-6.736842105263158853e-01 7.894736842105265495e-02 3.799384150405354932e-01
-4.631578947368421573e-01 1.421052631578947900e-01 3.070652348080351590e-01
-5.263157894736842923e-01 -7.894736842105259944e-02 4.225528003885672401e-01
-7.368421052631579649e-01 7.894736842105265495e-02 3.933806650100207802e-01
-8.000000000000000444e-01 1.105263157894736947e-01 3.835465978601219073e-01
-5.052631578947368585e-01 -1.736842105263157743e-01 4.767241381152823587e-01
-4.421052631578947789e-01 4.736842105263161518e-02 3.253166376411520400e-01
-5.684210526315789380e-01 7.894736842105265495e-02 3.506172053938169109e-01
-4.421052631578947789e-01 -2.052631578947368141e-01 4.586233354697810682e-01
-4.210526315789474006e-01 -1.421052631578947345e-01 4.061327030640937696e-01
-6.947368421052632081e-01 -2.999999999999999889e-01 6.756096148415086100e-01
-7.789473684210527216e-01 -1.421052631578947345e-01 5.694564873201717337e-01
-6.315789473684211286e-01 -1.421052631578947345e-01 5.211240048010078452e-01
-4.421052631578947789e-01 -2.052631578947368141e-01 4.586233354697810682e-01
-6.947368421052632081e-01 1.736842105263158298e-01 3.409064916797517331e-01
-5.052631578947368585e-01 2.684210526315789491e-01 3.000456279328318487e-01
-5.473684210526316152e-01 -1.421052631578947345e-01 4.781391740444089766e-01
-7.368421052631579649e-01 1.421052631578947900e-01 3.604136945361446909e-01
-5.684210526315789380e-01 1.578947368421051989e-02 3.823715991155580696e-01
-5.894736842105263719e-01 -1.578947368421051989e-02 4.095318155967623275e-01
-7.157894736842105310e-01 -7.894736842105259944e-02 5.012030757162790895e-01
-5.684210526315789380e-01 2.368421052631579093e-01 3.062184512035680539e-01
-7.157894736842105310e-01 -2.999999999999999889e-01 6.835793286887332787e-01
-4.000000000000000222e-01 1.578947368421051989e-02 3.234811893101496860e-01
-6.947368421052632081e-01 -1.105263157894736670e-01 5.205496523898367478e-01
-4.842105263157895356e-01 2.368421052631579093e-01 3.002517900042631638e-01
-5.473684210526316152e-01 -2.368421052631578816e-01 5.493201398944477232e-01
-5.263157894736842923e-01 4.736842105263161518e-02 3.514210819636897076e-01
-5.894736842105263719e-01 -1.421052631578947345e-01 5.006137153382939076e-01
-5.052631578947368585e-01 -4.736842105263155966e-02 3.926899079274549509e-01
-7.157894736842105310e-01 -7.894736842105259944e-02 5.012030757162790895e-01
-4.421052631578947789e-01 -7.894736842105259944e-02 3.809085745320823779e-01
-5.052631578947368585e-01 -4.736842105263155966e-02 3.926899079274549509e-01
-5.894736842105263719e-01 7.894736842105265495e-02 3.568310067778699413e-01
-7.157894736842105310e-01 -2.999999999999999889e-01 6.835793286887332787e-01
-7.789473684210527216e-01 2.052631578947368696e-01 3.395815624858938842e-01
-4.000000000000000222e-01 -7.894736842105259944e-02 3.613117879968831270e-01
-4.421052631578947789e-01 -1.421052631578947345e-01 4.180490458867144321e-01
-4.421052631578947789e-01 -7.894736842105259944e-02 3.809085745320823779e-01
-7.578947368421052877e-01 1.421052631578947900e-01 3.632145417390053588e-01
-6.526315789473684514e-01 -2.999999999999999889e-01 6.567419800119513873e-01
-5.684210526315789380e-01 1.578947368421051989e-02 3.823715991155580696e-01
-6.105263157894736947e-01 1.578947368421051989e-02 3.976640079608257938e-01
-6.526315789473684514e-01 1.736842105263158298e-01 3.337109403429630028e-01
-7.789473684210527216e-01 1.736842105263158298e-01 3.515443052435871518e-01
-4.210526315789474006e-01 7.894736842105265495e-02 3.118672259554272630e-01
-4.421052631578947789e-01 -1.421052631578947345e-01 4.180490458867144321e-01
-4.421052631578947789e-01 7.894736842105265495e-02 3.162786321423837199e-01
-7.368421052631579649e-01 1.578947368421051989e-02 4.340985718165528695e-01
-7.789473684210527216e-01 4.736842105263161518e-02 4.196011513721562558e-01
-8.000000000000000444e-01 2.052631578947368696e-01 3.409965425972696362e-01
-4.421052631578947789e-01 4.736842105263161518e-02 3.253166376411520400e-01
-7.368421052631579649e-01 7.894736842105265495e-02 3.933806650100207802e-01
-5.894736842105263719e-01 -2.999999999999999889e-01 6.219105275799750032e-01
-6.736842105263158853e-01 2.999999999999999889e-01 3.077272998211731947e-01
-5.684210526315789380e-01 -1.736842105263157743e-01 5.137612589795552687e-01
-5.263157894736842923e-01 -1.421052631578947345e-01 4.663794369476068624e-01
-6.315789473684211286e-01 2.999999999999999889e-01 3.044880031110593910e-01
