   1.6000000e-01  -5.2000000e-02   2.5000000e-02
   1.6000000e-01  -5.1325897e-02   2.4984905e-02
   1.6000000e-01  -5.0574619e-02   2.4939561e-02
   1.6000000e-01  -4.9750634e-02   2.4863787e-02
   1.6000000e-01  -4.8859638e-02   2.4757295e-02
   1.6000000e-01  -4.7908499e-02   2.4619690e-02
   1.6000000e-01  -4.6905170e-02   2.4450495e-02
   1.6000000e-01  -4.5858596e-02   2.4249164e-02
   1.6000000e-01  -4.4778596e-02   2.4015103e-02
   1.6000000e-01  -4.3675737e-02   2.3747698e-02
   1.6000000e-01  -4.2561186e-02   2.3446344e-02
   1.6000000e-01  -4.1446562e-02   2.3110467e-02
   1.6000000e-01  -4.0343771e-02   2.2739564e-02
   1.6000000e-01  -3.9264842e-02   2.2333228e-02
   1.6000000e-01  -3.8221753e-02   2.1891184e-02
   1.6000000e-01  -3.7226263e-02   2.1413319e-02
   1.6000000e-01  -3.6289742e-02   2.0899715e-02
   1.6000000e-01  -3.5423006e-02   2.0350675e-02
   1.6000000e-01  -3.4636163e-02   1.9766753e-02
   1.6000000e-01  -3.3938462e-02   1.9148776e-02
   1.6000000e-01  -3.3338160e-02   1.8497867e-02
   1.6000000e-01  -3.2842402e-02   1.7815463e-02
   1.6000000e-01  -3.2457117e-02   1.7103325e-02
   1.6000000e-01  -3.2186925e-02   1.6363549e-02
   1.6000000e-01  -3.2035077e-02   1.5598570e-02
   1.6000000e-01  -3.2003403e-02   1.4811162e-02
   1.6000000e-01  -3.2092283e-02   1.4004427e-02
   1.6000000e-01  -3.2300648e-02   1.3181790e-02
   1.6000000e-01  -3.2625988e-02   1.2346977e-02
   1.6000000e-01  -3.3064394e-02   1.1503996e-02
   1.6000000e-01  -3.3610614e-02   1.0657111e-02
   1.6000000e-01  -3.4258132e-02   9.8108070e-03
   1.6000000e-01  -3.4999260e-02   8.9697604e-03
   1.6000000e-01  -3.5825252e-02   8.1387949e-03
   1.6000000e-01  -3.6726436e-02   7.3228409e-03
   1.6000000e-01  -3.7692347e-02   6.5268902e-03
   1.6000000e-01  -3.8711887e-02   5.7559479e-03
   1.6000000e-01  -3.9773480e-02   5.0149838e-03
   1.6000000e-01  -4.0865241e-02   4.3088820e-03
   1.6000000e-01  -4.1975148e-02   3.6423909e-03
   1.6000000e-01  -4.3091208e-02   3.0200731e-03
   1.6000000e-01  -4.4201632e-02   2.4462572e-03
   1.6000000e-01  -4.5294994e-02   1.9249907e-03
   1.6000000e-01  -4.6360395e-02   1.4599962e-03
   1.6000000e-01  -4.7387606e-02   1.0546297e-03
   1.6000000e-01  -4.8367207e-02   7.1184372e-04
   1.6000000e-01  -4.9290712e-02   4.3415393e-04
   1.6000000e-01  -5.0150671e-02   2.2361085e-04
   1.6000000e-01  -5.0940764e-02   8.1776531e-05
   1.6000000e-01  -5.1655872e-02   9.7068471e-06
   1.6000000e-01  -5.2292127e-02   7.9393926e-06
   1.6000000e-01  -5.2846947e-02   7.6487360e-05
   1.6000000e-01  -5.3319041e-02   2.1483939e-04
   1.6000000e-01  -5.3708404e-02   4.2196540e-04
   1.6000000e-01  -5.4016286e-02   6.9632838e-04
   1.6000000e-01  -5.4245140e-02   1.0359018e-03
   1.6000000e-01  -5.4398553e-02   1.4381928e-03
   1.6000000e-01  -5.4481161e-02   1.9002699e-03
   1.6000000e-01  -5.4498542e-02   2.4187966e-03
   1.6000000e-01  -5.4457104e-02   2.9900678e-03
   1.6000000e-01  -5.4363950e-02   3.6100511e-03
   1.6000000e-01  -5.4226743e-02   4.2744312e-03
   1.6000000e-01  -5.4053551e-02   4.9786558e-03
   1.6000000e-01  -5.3852702e-02   5.7179849e-03
   1.6000000e-01  -5.3632620e-02   6.4875398e-03
   1.6000000e-01  -5.3401677e-02   7.2823540e-03
   1.6000000e-01  -5.3168030e-02   8.0974229e-03
   1.6000000e-01  -5.2939478e-02   8.9277529e-03
   1.6000000e-01  -5.2723320e-02   9.7684094e-03
   1.6000000e-01  -5.2526221e-02   1.0614562e-02
   1.6000000e-01  -5.2354091e-02   1.1461527e-02
   1.6000000e-01  -5.2211985e-02   1.2304807e-02
   1.6000000e-01  -5.2104004e-02   1.3140128e-02
   1.6000000e-01  -5.2033230e-02   1.3963468e-02
   1.6000000e-01  -5.2001665e-02   1.4771086e-02
   1.6000000e-01  -5.2010197e-02   1.5559541e-02
   1.6000000e-01  -5.2058587e-02   1.6325715e-02
   1.6000000e-01  -5.2145471e-02   1.7066818e-02
   1.6000000e-01  -5.2268381e-02   1.7780397e-02
   1.6000000e-01  -5.2423795e-02   1.8464339e-02
   1.6000000e-01  -5.2607199e-02   1.9116866e-02
   1.6000000e-01  -5.2813160e-02   1.9736526e-02
   1.6000000e-01  -5.3035435e-02   2.0322180e-02
   1.6000000e-01  -5.3267075e-02   2.0872987e-02
   1.6000000e-01  -5.3500551e-02   2.1388380e-02
   1.6000000e-01  -5.3727894e-02   2.1868042e-02
   1.6000000e-01  -5.3940837e-02   2.2311884e-02
   1.6000000e-01  -5.4130967e-02   2.2720008e-02
   1.6000000e-01  -5.4289883e-02   2.3092682e-02
   1.6000000e-01  -5.4409348e-02   2.3430306e-02
   1.6000000e-01  -5.4481446e-02   2.3733381e-02
   1.6000000e-01  -5.4498735e-02   2.4002475e-02
   1.6000000e-01  -5.4454391e-02   2.4238196e-02
   1.6000000e-01  -5.4342344e-02   2.4441157e-02
   1.6000000e-01  -5.4157400e-02   2.4611952e-02
   1.6000000e-01  -5.3895359e-02   2.4751130e-02
   1.6000000e-01  -5.3553104e-02   2.4859175e-02
   1.6000000e-01  -5.3128688e-02   2.4936483e-02
   1.6000000e-01  -5.2621388e-02   2.4983351e-02
   1.6000000e-01  -5.2031752e-02   2.4999962e-02
