  -5.4036419e-01  -1.5000000e-01   6.0279169e-01
  -5.7274832e-01  -1.4463248e-01   6.2473497e-01
  -5.9468612e-01  -1.3926496e-01   6.3534272e-01
  -6.1536885e-01  -1.3389744e-01   6.4852627e-01
  -6.2973897e-01  -1.2852991e-01   6.6707707e-01
  -6.3944795e-01  -1.2316239e-01   6.8614831e-01
  -6.4910935e-01  -1.1779487e-01   6.9390938e-01
  -6.3955778e-01  -1.1242735e-01   7.1143649e-01
  -6.2605338e-01  -1.0705983e-01   7.2238265e-01
  -6.1193500e-01  -1.0169231e-01   7.3538500e-01
  -5.9323709e-01  -9.6324786e-02   7.4787755e-01
  -5.6711331e-01  -9.0957265e-02   7.5520231e-01
  -5.3378557e-01  -8.5589744e-02   7.6640238e-01
  -5.1311361e-01  -8.0222222e-02   7.7818283e-01
  -4.8334718e-01  -7.4854701e-02   7.8235723e-01
  -4.6347765e-01  -6.9487179e-02   7.9386128e-01
  -4.5352456e-01  -6.4119658e-02   7.9315461e-01
  -4.4761930e-01  -5.8752137e-02   8.0226982e-01
  -4.4440303e-01  -5.3384615e-02   8.0750874e-01
  -4.5290940e-01  -4.8017094e-02   8.0158044e-01
  -4.6592896e-01  -4.2649573e-02   8.0224302e-01
  -4.8737519e-01  -3.7282051e-02   8.0715024e-01
  -5.0962139e-01  -3.1914530e-02   7.9900855e-01
  -5.3386979e-01  -2.6547009e-02   7.9278558e-01
  -5.6237887e-01  -2.1179487e-02   7.9289885e-01
  -5.8202186e-01  -1.5811966e-02   7.8660667e-01
  -6.0501761e-01  -1.0444444e-02   7.8084157e-01
  -6.3051552e-01  -5.0769231e-03   7.6984479e-01
  -6.3439356e-01   2.9059829e-04   7.5626016e-01
  -6.4746830e-01   5.6581197e-03   7.5207125e-01
  -6.4237264e-01   1.1025641e-02   7.3933482e-01
  -6.3580414e-01   1.6393162e-02   7.2213066e-01
  -6.2362619e-01   2.1760684e-02   7.0810854e-01
  -5.9787546e-01   2.7128205e-02   6.9544871e-01
  -5.7733182e-01   3.2495726e-02   6.8169358e-01
  -5.4841606e-01   3.7863248e-02   6.6696629e-01
  -5.2399933e-01   4.3230769e-02   6.5103280e-01
  -4.9793197e-01   4.8598291e-02   6.3474358e-01
  -4.7782420e-01   5.3965812e-02   6.1777432e-01
  -4.5986877e-01   5.9333333e-02   6.0595530e-01
  -5.4350848e-01  -1.5000000e-01   6.0268730e-01
  -5.7070833e-01  -1.4463248e-01   6.2268516e-01
  -5.9123967e-01  -1.3926496e-01   6.3214447e-01
  -6.1564506e-01  -1.3389744e-01   6.4855025e-01
  -6.2971519e-01  -1.2852991e-01   6.7290753e-01
  -6.4515510e-01  -1.2316239e-01   6.8420513e-01
  -6.4934232e-01  -1.1779487e-01   7.0127385e-01
  -6.3822412e-01  -1.1242735e-01   7.1000694e-01
  -6.2642218e-01  -1.0705983e-01   7.2513123e-01
  -6.1280283e-01  -1.0169231e-01   7.3859582e-01
  -5.9308526e-01  -9.6324786e-02   7.5186674e-01
  -5.6353434e-01  -9.0957265e-02   7.6163848e-01
  -5.3724724e-01  -8.5589744e-02   7.7128465e-01
  -5.1310838e-01  -8.0222222e-02   7.7551552e-01
  -4.9178517e-01  -7.4854701e-02   7.8467020e-01
  -4.7226551e-01  -6.9487179e-02   7.9457885e-01
  -4.5643681e-01  -6.4119658e-02   7.9556901e-01
  -4.4223202e-01  -5.8752137e-02   8.0101482e-01
  -4.4357707e-01  -5.3384615e-02   8.0791466e-01
  -4.4794987e-01  -4.8017094e-02   8.0412203e-01
  -4.6574050e-01  -4.2649573e-02   8.0224948e-01
  -4.8414584e-01  -3.7282051e-02   8.0342626e-01
  -5.1032846e-01  -3.1914530e-02   8.0281666e-01
  -5.3170290e-01  -2.6547009e-02   7.9506090e-01
  -5.5582746e-01  -2.1179487e-02   7.9392478e-01
  -5.8377016e-01  -1.5811966e-02   7.8477825e-01
  -6.0763488e-01  -1.0444444e-02   7.8093919e-01
  -6.2837392e-01  -5.0769231e-03   7.6896806e-01
  -6.3473845e-01   2.9059829e-04   7.5726481e-01
  -6.4071803e-01   5.6581197e-03   7.5203131e-01
  -6.4028935e-01   1.1025641e-02   7.4187702e-01
  -6.3197243e-01   1.6393162e-02   7.2627279e-01
  -6.2363183e-01   2.1760684e-02   7.1337478e-01
  -5.9403578e-01   2.7128205e-02   6.9704497e-01
  -5.7249442e-01   3.2495726e-02   6.8809484e-01
  -5.4418457e-01   3.7863248e-02   6.7322949e-01
  -5.2319008e-01   4.3230769e-02   6.5636579e-01
  -4.9852993e-01   4.8598291e-02   6.3706277e-01
  -4.7660247e-01   5.3965812e-02   6.2005250e-01
  -4.5749859e-01   5.9333333e-02   6.0980252e-01
  -5.4738112e-01  -1.5000000e-01   6.0858608e-01
  -5.7330590e-01  -1.4463248e-01   6.2453162e-01
  -5.9171831e-01  -1.3926496e-01   6.3821137e-01
  -6.1319036e-01  -1.3389744e-01   6.5734320e-01
  -6.3064865e-01  -1.2852991e-01   6.7291740e-01
  -6.4239907e-01  -1.2316239e-01   6.7836432e-01
  -6.4701853e-01  -1.1779487e-01   6.9585186e-01
  -6.3591135e-01  -1.1242735e-01   7.1266743e-01
  -6.2426049e-01  -1.0705983e-01   7.2088237e-01
  -6.1196738e-01  -1.0169231e-01   7.3584429e-01
  -5.8854769e-01  -9.6324786e-02   7.5291247e-01
  -5.6735763e-01  -9.0957265e-02   7.5617790e-01
  -5.4132843e-01  -8.5589744e-02   7.6631244e-01
  -5.1277428e-01  -8.0222222e-02   7.7695165e-01
  -4.8482817e-01  -7.4854701e-02   7.8393639e-01
  -4.6974100e-01  -6.9487179e-02   7.8906040e-01
  -4.5036673e-01  -6.4119658e-02   7.9792457e-01
  -4.4500717e-01  -5.8752137e-02   7.9916661e-01
  -4.4554130e-01  -5.3384615e-02   7.9888687e-01
  -4.4895466e-01  -4.8017094e-02   8.0533595e-01
  -4.6823288e-01  -4.2649573e-02   8.0921355e-01
  -4.8329829e-01  -3.7282051e-02   8.0794708e-01
  -5.1054395e-01  -3.1914530e-02   8.0125107e-01
  -5.3036042e-01  -2.6547009e-02   7.9494077e-01
  -5.6412839e-01  -2.1179487e-02   7.8829606e-01
  -5.8690056e-01  -1.5811966e-02   7.8973559e-01
  -6.0529534e-01  -1.0444444e-02   7.8254039e-01
  -6.2929742e-01  -5.0769231e-03   7.7388745e-01
  -6.4249320e-01   2.9059829e-04   7.6285607e-01
  -6.4511666e-01   5.6581197e-03   7.5294664e-01
  -6.4702757e-01   1.1025641e-02   7.4238899e-01
  -6.3376219e-01   1.6393162e-02   7.2564845e-01
  -6.1682380e-01   2.1760684e-02   7.1316937e-01
  -5.9952108e-01   2.7128205e-02   6.9903255e-01
  -5.7505734e-01   3.2495726e-02   6.8505152e-01
  -5.4700808e-01   3.7863248e-02   6.7208131e-01
  -5.2607178e-01   4.3230769e-02   6.5601953e-01
  -4.9569915e-01   4.8598291e-02   6.4178861e-01
  -4.7442866e-01   5.3965812e-02   6.1843211e-01
  -4.5575706e-01   5.9333333e-02   6.0090678e-01
